rgba(98, 163, 108, 1)
rgba(209, 123, 133, 1)
rgba(94, 166, 237, 1)
rgba(196, 136, 49, 1)
rgba(255, 255, 255, 1)
rgba(255, 255, 255, 0.6)
rgba(255, 255, 255, 0.75)
rgba(102, 153, 204, 1)
rgba(166, 121, 210, 1)
rgba(38, 38, 38, 1)
rgba(255, 255, 255, 0.05)
rgba(255, 255, 255, 0.08)
rgba(32, 32, 32, 1)
rgba(255, 255, 255, 0.03)
rgba(255, 255, 255, 0.04)
rgba(17, 17, 17, 0.85)
rgba(255, 255, 255, 0.15)
rgba(255, 255, 255, 0.20)
rgba(255, 255, 255, 0.25)
rgba(10, 189, 37, 0.20)
rgba(0, 199, 30, 0.30)
rgba(0, 199, 30, 0.36)
rgba(255, 115, 0, 0.20)
rgba(255, 143, 51, 0.30)
rgba(255, 115, 0, 0.36)
rgba(255, 102, 120, 0.20)
rgba(255, 102, 120, 0.30)
rgba(255, 102, 120, 0.36)
rgba(0, 137, 255, 0.20)
rgba(0, 137, 255, 0.30)
rgba(0, 137, 255, 0.36)
rgba(0, 128, 19, 1)
rgba(0, 103, 15, 1)
rgba(0, 87, 13, 1)
rgba(161, 18, 35, 1)
rgba(138, 15, 30, 1)
rgba(124, 14, 27, 1)
rgba(233, 84, 32, 1)
rgba(218, 72, 22, 1)
rgba(204, 68, 20, 1)
rgba(17, 17, 17, 1)
rgba(102, 102, 102, 1)
rgba(14, 132, 32, 1)
rgba(204, 121, 0, 1)
rgba(199, 22, 43, 1)
rgba(36, 89, 143, 1)
rgba(0 ,0 ,0 , 1)
rgba(255, 255, 255, 0.2)
rgba(255, 255, 255, 0.5)
rgba(255, 255, 255, 0.1)
rgba(166, 166, 166, 1)
rgba(15, 149, 161, 1)
rgba(153, 204, 255, 1)
rgba(247, 247, 247, 1)
rgba(217, 217, 217, 1)
rgba(218, 218, 218, 1)
rgba(0, 0, 0, 1)
rgba(0, 0, 0, 0.6)
rgba(0, 0, 0, 0.75)
rgba(0, 102, 204, 1)
rgba(125, 66, 184, 1)
rgba(243, 243, 243, 1)
rgba(0, 0, 0, 0.05)
rgba(0, 0, 0, 0.08)
rgba(235, 235, 235, 1)
rgba(0, 0, 0, 0.03)
rgba(0, 0, 0, 0.04)
rgba(242, 242, 242, 1)
rgba(229, 229, 229, 1)
rgba(222, 222, 222, 1)
rgba(10, 189, 37, 0.10)
rgba(0, 199, 30, 0.15)
rgba(0, 199, 30, 0.18)
rgba(199, 90, 0, 0.10)
rgba(199, 90, 0, 0.15)
rgba(199, 90, 0, 0.18)
rgba(199, 0, 20, 0.10)
rgba(199, 0, 20, 0.15)
rgba(199, 0, 20, 0.18)
rgba(0, 99, 199, 0.10)
rgba(0, 99, 199, 0.15)
rgba(0, 99, 199, 0.18)
rgba(12, 109, 26, 1)
rgba(10, 95, 23, 1)
rgba(176, 19, 38, 1)
rgba(162, 18, 35, 1)
rgba(0 ,0 ,0 , 0.2)
rgba(0 ,0 ,0 , 0.56)
rgba(0 ,0 ,0 , 0.1)
rgba(46, 150, 255, 1)
rgba(245, 245, 245, 1)